# Created by Octave 3.8.1, Thu Jul 31 21:24:05 2014 JST <fumifumi@Takafumi-no-MacBook-Air.local>
# name: score
# type: matrix
# rows: 95
# columns: 14
 260.1765341237063 27.84956130857153 11.19268121713647 -12.98236701733544 -19.77203787084972 -24.15158235259108 -14.57895004248789 -1.161426115587713 12.34740010061273 4.501394169762809 3.503033460406336 -1.366537746057106 0.8063452056851304 0.4759287086680812
 181.7443021643915 109.4304276163469 -2.971641709863426 -18.13179094097528 9.868137749106303 -9.613552922080679 6.696731579604671 -5.322719245082058 4.637246846281331 -14.55104797623036 4.955551177378243 -2.799461426394445 -2.172865364386135 2.043265170526107
 159.9733036007759 163.2148901657645 4.444783143878656 24.24036337564803 10.22808297835969 -15.34336992776654 17.79238099723402 0.9862886397463132 -10.56151594459904 8.123295900396137 -1.54188851522633 -4.542918203284874 1.984418022756443 2.597684625497378
 141.9165733829023 -12.26726561683203 53.42427191266604 -24.7920084436495 2.305793146573665 7.759167527977317 -5.926061172606737 -11.39955326981013 2.235583421253474 -6.479511358145557 5.071885715550106 -1.863661081622998 4.714500871461305 0.6080402004052641
 157.2563084205871 -22.34210085084379 -3.407070198683507 39.85509533091976 -7.391147952606937 -4.739041934725705 -12.83177612889929 -25.31113144986252 1.865739652790373 -8.827058945094596 -7.393347255878843 0.4938495377030859 1.881750501702019 0.340065767960168
 226.4857633075657 57.24339154621484 23.72579744466896 -1.585549849324489 2.295704192502012 -16.03198060495255 4.794810075534527 -0.7888363931552351 -3.848369255752171 -9.243242998069741 4.258805183631388 -4.507285794020895 -2.460608269072606 -4.023761857314782
 106.3539045619005 -23.74736734913196 43.38942542441135 -1.701172783799837 -3.760146930989182 4.64926647318922 -7.637830497010513 1.053745182340298 10.58849650069538 1.284415514498847 -2.737171471566847 -4.294309184786179 -0.2400753348343569 -0.1982709949523341
 228.5368495307341 9.278975269825011 61.11800595176529 -6.58075089225888 3.718847669450204 5.07807532278537 1.626989383834933 4.804517806061471 3.475558875942746 -7.036922967545944 -6.978108505532852 3.005261077707231 -0.6502658816247143 -0.6169557813531616
 182.5925485298887 30.64799282120195 29.88399092735872 -5.414107576300616 6.483904739305358 -9.194233601627776 2.280633165503303 4.236361046319663 5.289216944787599 0.03732300506339672 1.201306972500865 5.393190229519962 2.615395049590135 1.348559963950787
 226.2541817055852 12.13485401542239 31.60509420612387 -24.65425289822155 2.07429562164802 3.787917964643982 -8.468849031911066 -12.90320954419061 -5.290755807008973 3.440223958387563 -7.933866829373809 -1.384314565362063 -1.20691295124919 -0.6442680941041615
 46.70556377508065 -9.562644549572086 15.72660436638514 20.08022185147966 -20.88499620114326 4.496332122856328 0.5141772644985604 6.200374465853566 13.31671684703427 1.452176708486144 -5.694123510383805 -0.2159041793023683 -0.04537517143815326 -0.5068052517687749
 54.8967831462811 52.60949601650056 11.54734047089995 -6.22214147138663 -10.33661630541612 -3.09093185947717 4.82310741011565 6.864923414331189 -1.437894581358432 3.356718800346166 -3.213463155861238 1.58475659372014 -0.6229604155997391 2.862082308165867
 180.0186864075163 29.44750542000455 19.5778442319645 -2.839861975320554 11.37090824326927 11.15609247182944 1.079622194605164 -7.421841778788173 -1.02522235486877 1.396594229388841 -3.03897244859918 0.6337369391792051 -2.972884589244046 1.71594559513834
 60.72313755045008 12.68617718992515 32.12583295163067 -22.01423945429916 -0.01258409403753269 -3.271910824152535 -2.491806129549449 -1.80307140482709 -6.060850823167779 10.31683390739832 -1.536722567258948 4.957100724727562 0.2036711920230718 1.025074547966781
 176.369258027181 6.402425243660151 1.571404829761534 16.36052947113222 -10.93352677974076 -13.16935281170248 -14.7404582410615 -7.371427741496955 -12.10519845736287 0.4195002240007397 4.182109917348962 5.938371098549053 -0.1735761881217753 0.1710898529456482
 142.2031704491609 37.67842065000421 12.31490507276263 7.282889778347306 5.876136541745913 3.569701073838222 1.639073101054593 -0.8707562473005801 -1.729751128015062 2.226360562544983 0.7436709675780628 4.850777629037067 -0.7662233919302937 -1.585083265213533
 82.71220726911173 66.12660355044306 21.62536526090087 35.61015960735025 17.54213324085252 2.666625148878842 11.71153106897667 10.04183232939356 1.728040120771538 -2.29872474005809 4.630349111955845 5.812499609734811 2.130582878883788 1.079855865577198
 182.6652877586858 47.39641753291856 -18.63287458302234 0.7035710542316704 6.925415496669006 -2.242858677137003 -2.123950698209112 2.419966931378466 2.63016947066537 3.986943625700137 -0.06880844055425461 -4.417663195228541 0.6827778815590465 -0.2901811686144314
 114.7238922817618 -33.71856332110305 18.41027126946074 0.01276670804618375 -15.00776374347557 10.66858546166753 -7.745710247332379 -2.726873408401327 -0.8582103942898337 5.845503778244739 5.337415404443593 -1.419477888381953 1.966879334310338 -0.8402550777634413
 154.3976842309481 6.861254215473742 23.7483774787458 -3.219286424923736 16.1193579320218 15.47173747226046 2.340510740339072 0.9791501356751331 3.78570606074945 -12.94232729379233 0.04732322906364139 4.814610298085831 -2.574631462858492 0.09240287729846741
 82.57765727499964 -20.85348878750434 15.18010837492876 10.63735789346864 -9.242017596546816 0.5799392316519112 -2.658250128275219 2.297307757415193 1.893721614995766 7.259340101245579 5.544729960389818 0.32426296769721 -0.7174195907506422 -2.175600938545322
 26.26937571131827 12.21704880323619 12.63512378266914 10.80811122846205 14.54986521480337 2.297050440106012 -5.291288638160865 0.7106929778510194 -0.9744723479933266 12.58937548785418 0.3191015524037697 -1.671296465169505 -0.7289360831465502 0.9601724100851627
 18.72919227617784 -32.69894986392227 -10.56891495859824 -20.92648751191729 17.30516161761688 -15.19179665288231 6.400960405934458 -14.73510088694806 7.483003930166412 7.801567771191595 -2.120327430440658 -1.074064344712733 -0.2798720582407629 -0.2615859338431736
 167.7276250469397 45.80964778722048 -30.74044420940315 -21.04928351838501 8.790485731572774 3.850181160415865 -2.68517780923893 -4.005317016801747 -1.608754310647867 1.965985664852069 -0.2539715918534267 -0.76750999375845 1.806483603857373 2.483306671763463
 44.44309350728375 -28.46693046629008 -26.7522810796044 -1.166143530038099 -11.82660757153525 -1.925618638681472 -9.297283310367702 -11.10891916545493 3.487820339397461 -1.693838119203701 4.465553889731516 0.6821929014119401 -3.104378393257813 1.386723471652909
 9.415204780623377 -34.09651206012516 2.673630267802117 11.40339349311988 -5.571140842610888 -7.519459529724367 1.926356101082294 -5.359432137640698 0.8380202791563743 -4.735552577279576 5.390683249690666 -4.510945975183511 -0.6854144879853876 1.10513708375852
 230.0625003789928 -5.053235476673996 -44.27548377187878 14.64386021507664 -22.12314547897046 -21.13118132474391 -16.71626253637239 -3.472850630066168 -10.97149737124647 -11.70473047613063 -2.616732217379811 2.936888401973837 -0.02967322149971852 1.468132787720743
 170.5514284672778 -11.80644259051802 12.68518253571805 50.55729036241922 5.180806156867739 20.81158363923749 1.936252868405457 -8.402730347528772 -2.513927282951579 3.845140113943649 4.409301157934669 -1.574980899805484 -3.055853486598645 -1.430892217685056
 236.3046000603212 -18.97734077793635 0.6821823523901794 -6.62920275570197 -12.45429097586411 -5.587567537495613 -7.73397653702758 9.95076394047841 -5.172666907852328 5.026177742458994 2.460569274191098 -3.380984917243885 -2.623646208772001 4.203462861236078
 51.33719415011034 -1.331516666060855 15.17230565656958 -19.87588135885016 7.320539716420154 14.69500086347795 -4.213741620439286 -5.080437105630707 -4.104414071169023 0.1790594576560456 -5.977875746017087 2.384334454941458 1.035596566838966 0.3281735860705299
 170.7289314427962 -0.8136623741831275 -14.96456333447825 37.39749622448536 5.85737514264243 18.54523254481533 1.96142973445295 -3.556575860100875 7.79616389440818 3.445707264911987 6.723798959418714 -1.815915591402659 -1.480622461287652 -1.361047852485362
 239.463581422147 0.8100542793128117 -14.48354749529953 -31.78150397460522 -8.782983472973941 -12.30969132182454 -8.582108143696001 16.95479333843763 0.7825066639647856 -13.54583260455868 -2.691012214390259 -4.206746341095836 2.003016839234753 -1.911328049294561
 132.7742252647272 4.979712472182366 17.60222281951562 21.54309547850639 17.74383710497874 22.27941086532795 3.158464556774269 -1.495116353260618 -2.904101963120867 0.6135557260694892 -9.009755667977148 -3.968466507896146 2.557930518400628 -1.366655380924106
 120.2598895783188 -55.82399015494551 7.20770665402851 -26.09183648688602 6.5679926467568 12.48266211445702 -8.715938951210617 -6.42114714709331 1.912659280489248 5.219946380681844 4.922961803961986 0.3829119865045381 4.920624174125535 0.6253185137855876
 64.14013751002011 -58.80422490649984 29.52297289522089 -14.64985699491436 7.397421700009439 -0.6434927438878918 19.21878683074494 -0.0521823163437177 6.514590345101608 -7.115741928363379 2.774922481642264 2.307322564270587 -0.4856576300211081 0.7385772045824156
 69.87870270011116 -32.76842992075525 -4.12365815040981 13.65659349756814 -14.58793485503646 7.071601681858183 0.477189104736632 12.16524110043586 12.17413500600495 1.889435846058475 -0.3209449437555221 0.3270154727562982 -2.124551684720859 2.204239568001767
 147.3834139479486 -2.617224016337524 -23.03906300018501 35.39101954032293 -6.365643168832411 -4.211481667555888 -5.996034913149527 -2.651318830538135 -7.826561690764656 1.215566171843214 3.150486521265043 -3.61043505288634 0.9663058693602325 -1.644117337393731
 -28.1740128886646 -50.72447110589832 19.08301288948668 4.451318518297605 -13.82839406675016 -11.92774619819264 18.50247566899096 -3.533560827081087 -2.288142026456758 -0.8360261383065528 1.542903019574695 2.641911737704698 -1.061717389412915 1.50029923819617
 201.0758322837736 -27.54821098826239 3.059054767662022 4.27089387332965 -8.303828315089044 -9.844583259915574 1.02896882641884 16.58690959656154 -1.587533233969419 2.763915044016728 -1.494796927095737 0.3632263334338435 -1.111384085746397 -1.445813165928719
 108.1913051718141 -0.8551095222613905 -29.12557961593417 0.05818029133264913 11.97258252718319 13.05899292830279 -6.236975043094355 0.537477541467771 6.690022219345116 -1.208613919231146 -4.445116204682128 -1.836566227923286 2.783444089874443 0.0536515408199072
 4.165849437423772 -35.36922692449232 -24.25439759793603 9.537877840522148 -0.6399945840267959 -6.511948862402964 13.27279577362454 -10.30569768704702 5.714416533473101 4.075854693388092 -3.398693534839595 2.513413340842775 -1.496746345420209 1.223241731938667
 184.637916841737 -33.07120640519909 0.3375185180728137 8.239522571620949 -5.608423848806518 -0.5214013265754653 -8.905574348743414 4.4278525986775 -12.1452053617296 -0.03234879745804209 -0.850661684996318 0.5095672165980307 -0.2887012177890179 -0.4391964203909026
 97.57755750085234 -33.60121328547994 12.40698594217142 -5.582012428211866 14.48264132484687 1.046177887078649 1.02627018717941 4.973889873120942 1.553301280475306 4.341076757322162 3.162646504871372 7.199529264717593 0.5356756178233956 -4.5792913694283
 97.9406584916367 -36.85784205710576 -11.20036702197828 8.989441005545448 -11.29417062069375 4.468583896173162 6.683804915073646 8.150576494691046 4.305477089527101 1.647124366082504 -0.367972063262446 -2.020989943217904 0.8419607214062392 1.582146761392145
 50.52941880783064 -41.20766041245942 -25.10567784608399 1.712820988511996 -11.99015724644628 -3.696680211164107 -14.42552070105668 7.168759451599204 1.187646560201967 1.900056917282384 -4.7116763951659 -1.677678482631389 0.09844895378729271 -1.228503344458728
 49.82140385860664 -43.14428029295262 -22.80133914624204 -10.02405645857281 12.30540420524394 10.07105017477721 0.3323061898082886 -4.477759547321628 7.498812372766889 -0.830842724387109 -3.611308083407878 -4.627609077605086 -0.6094807016422128 1.724747669698129
 101.7373358992638 -55.78877237340366 -19.89299473520012 -11.33767731812341 13.44881194404913 -26.22872373238299 32.56016729352459 -7.342925581615417 1.378651010324952 5.295474155392274 -1.900852315354185 1.403812305054209 0.1804811100096685 -2.007236065723094
 97.66121328831427 -70.4677698507043 0.7979331036832603 8.086532210339259 -3.731047724715577 -2.410255572313226 -8.224561843187981 14.40311708084918 -4.015551125959524 1.559613189624696 3.641638022043318 1.457333514891259 0.8623381962004268 2.055432309899509
 63.51747435539104 -13.19667112163369 -10.32342679328909 -9.140214906311703 2.909947734122968 11.39181755675727 -0.9346163194873437 10.80109887432292 -0.8684867699003749 0.2036509101305918 5.857424264294809 -2.509581399832504 -0.693696573439744 -1.850074192755469
 162.8366775265107 -41.87687382181679 -36.65736122172243 -16.93130344842422 1.311700260615017 -24.54063349972715 24.96502925542365 -0.6421698083825216 -4.970896061923409 1.233382435115151 0.8705714262080941 -5.774782568226094 1.822740998516942 -2.731216320448945
 135.4075768073623 44.83483504296412 -85.7057943266435 27.05263256875249 15.33166396761946 14.35397781060432 3.636763249148239 2.82254956332077 9.43319371199007 -5.581792694032718 -2.817403532514397 4.394530185299439 1.443832167594748 -1.704029843966324
 41.1250076916969 30.01778405521045 -53.60949588246837 -12.04105577807553 14.06096859924261 1.921527990227549 -5.378693422636563 9.672570428593954 0.02372887309133678 1.767214771450246 1.154825498136793 2.094126262762083 0.9948007773877139 1.546134511622155
 -10.83770208765969 -46.8263228378379 -21.08860328633646 -3.538922443059506 10.53922117358731 -19.60282407899287 12.70041613478617 2.823440464815669 -1.511233877355505 -1.123251780549959 -1.142975179798262 2.614787201412282 -0.560279775605474 0.6406389056923216
 -0.4980400480873262 -53.6710011607667 -5.021263654604978 -11.30271765629455 32.8465347886458 14.77876999863476 4.480260598393722 1.046377678447911 -5.573698125145476 -1.588604083269086 -1.678810750196958 -0.8899334523781617 -2.308693004714896 0.5014145883357267
 -15.25067396793441 8.75251112123822 12.17524306797453 3.86120787651371 -12.73179212490737 11.18068727646001 9.033740164303667 9.720444398321701 -10.33368483998978 0.2490953568053514 -4.425679637133418 -1.439628175384811 0.3003209874668814 -0.9155232752588127
 -36.48984177494828 22.11351161701153 -54.0236563402852 -18.81331917602898 4.881850070439079 8.831196388442912 -5.531637208960662 0.4022440480141055 -2.416389736691578 2.158685374052406 1.109411438235274 -2.690349667200355 -1.325186075493539 -1.114208006176344
 -120.6014821269203 61.05927308612706 10.05304228049511 -3.139520131551347 -25.83632178365127 -16.97246066513682 3.216384502039243 3.557527270036438 3.317412084135974 5.015078037095721 -5.109879970778048 -0.7391872246304868 -0.3444979578933458 -2.365611516346851
 -7.933179639149379 23.50340648994768 19.42610632408568 1.995498827606745 5.585464085155427 1.109635546943109 -1.30021772237783 5.048250592487199 -0.4910068809065041 4.841262720197517 -4.132276437341474 0.5946935330756326 -1.988756137711232 -1.815912609439029
 -33.80325463002728 5.236096521651252 -25.09441494011097 -8.152819730803394 10.41750639586147 8.040744871390718 -4.811556119430883 6.532957041073781 -0.8769203588055302 0.1617737873968704 -1.869053239962328 -0.08602979714521838 -0.8670639207318863 0.2252538573294303
 -119.0250452477256 33.50097686645211 -15.16042784212837 -23.41726208364865 9.283141245172553 -0.9793330665984987 -8.280347283766902 -0.9657558295025672 -2.784635979056393 4.902710673541273 -0.7926086647432967 2.590594067250467 -0.9584778119247729 -2.284044781893706
 -178.481419099543 40.41249797222726 -14.31286021659137 -4.806086918434606 -15.59185168173254 16.31736620270199 9.660754319363624 -2.200601061239549 -0.07567493083009358 -1.706209152010157 4.55897004459127 -1.501977875316163 1.172748359420935 0.5052684451770584
 -171.9383022832561 28.0297678320109 -18.22465864846404 -20.39962224372075 -20.44118406885197 11.02468601675166 2.791734707239591 -2.844688747082263 -6.162673032624516 4.063232073842042 -0.9947164541530022 4.684156126860186 0.2685141611780952 0.5370977687252548
 -44.89498808459764 -7.069110200509907 -8.325756494963265 -18.52321710642513 1.649114955648952 24.97743799958344 5.528951025171156 2.390424031009972 -10.89702435763954 -2.002007862405012 1.238006459810592 -2.718527956553162 -2.649866057520468 -0.1654803659910654
 -163.3733299996999 27.76948263828382 -2.550073696053362 -2.233276964810649 7.932746594793674 8.342114343540505 -2.075288581754378 -2.866003958903637 -2.183742277297198 3.55449905011523 3.107203636098133 1.687861884798143 0.5095768596178449 -0.4365279161523619
 -178.8096003965487 27.40281991288706 -13.93003348745914 -4.854144709720171 -10.20816421096514 7.814610854257905 4.372950765142488 -0.6915972132958589 0.8049557119815525 1.749990939123911 1.762260313167221 0.4909351782555326 -0.02418971605359788 1.518200682183652
 -11.00402207727586 7.663180518110862 -6.457412403302525 -12.87972180127001 -8.833634955352736 -8.464826998647988 3.127757277166481 5.173342251512488 10.60969597195659 -1.580450382699242 1.670701600099999 6.207151346423594 -0.5282440921617654 0.9142415011500949
 -84.11223817495471 30.05857419875438 -28.59959475827647 -7.228744204246945 -7.785354898395074 -10.93658421908131 -11.91280334353162 -1.063892048355989 5.728297345369361 3.279816915077632 0.5183660252327886 4.512412514362703 -1.884253810054999 -0.7001417345371483
 -229.5401995691564 31.6148549852913 3.654611919873124 -20.10844224689296 -14.36116709488014 10.75728152812142 4.407394433406908 -0.5955466382521089 -2.653455263064502 -1.663501344588446 -0.7603488282202533 0.487379904186983 2.790305084242385 -0.1955899732361014
 -18.57181787155833 -3.275596412646171 25.77596120563819 -28.96666895518913 13.75136315489155 2.909138030871234 -9.866535031201236 -1.157790241508099 -5.611876095935225 0.4255196929226296 7.609392847965301 -0.9043106835789692 -0.9595359936116593 -0.3961083806350308
 -244.1279622085289 42.69342970060237 9.837437626484416 2.574635078449294 -6.888455793528443 11.34566237874253 5.461871308609854 -6.1454834991133 1.032578682507075 1.630440203885547 2.31429367008041 -0.942306767796745 -1.507427530971723 0.259242581943698
 -47.51587506724809 33.6531362108719 22.18971497268165 -14.58552872340579 -23.70884836208194 -0.6091177943423032 -1.395078097433246 -8.411752923675115 6.410757137289079 2.455280106996544 -2.781206506727424 -1.97361410043453 -2.66380622019434 -1.456597130841973
 -130.5950988003256 24.30375018494512 -23.87310142231549 -10.82057492493282 -6.881585442549112 11.15383839006668 0.5893253736570931 -5.078463808236845 6.599151550267921 -2.707370859552422 5.668140845840909 -1.569372277661719 2.471044457445984 -1.996053715261462
 -71.92212368837326 -22.38180327266657 29.05464122064535 15.91906126023232 -10.11794815520511 -8.611149609253363 6.626936111858996 0.6601426970054807 -8.926613071117357 -8.560861033081295 1.050113502045258 3.99901034385546 1.352122156987858 -0.9115722573107017
 -203.047814961375 -30.16811683340705 -11.31046979946893 9.589096077391632 27.77146010204953 -21.94208661597207 -7.449392539662258 -9.102939246172753 -3.906105170938746 0.4428045875293076 0.8675615687811717 -1.073149051041961 0.1895840306405521 1.507251902886654
 -127.318883793003 -4.380755994919849 -15.53964698212303 -0.02293601748642713 -17.78892495218157 -3.468207855696345 1.917858406030261 -13.04100541615673 -3.167898338929631 -3.890193864014023 -0.4421055298804313 2.438435408021924 -0.4917768194385148 -1.276043882704436
 -105.8501276258161 -44.53930602586433 22.46841029083163 8.350943299325509 22.14270844912497 -13.00501072766652 -9.498563878259853 3.195715517460331 -3.022951808799961 -3.846112325819284 -1.62209474927913 0.8450419261818868 1.070338684554907 0.6740589690503414
 -68.50971948101864 -28.91049553787112 -10.48715538859934 7.959422739854624 -3.555668029598321 -13.34927321125553 4.879596652200923 0.02538392008984947 -1.624647212444311 2.74032195870983 0.4457903793772129 -2.929450772992356 1.280597753521118 0.651553688755373
 -277.5854136243531 2.297718278657384 13.20136146049184 6.262000064777593 -18.46209639355635 2.717627994538578 1.780737722963419 3.482999333587084 -2.891947821977326 -4.979026913340046 0.2464548105567319 -1.682644607998264 0.8620521137828594 -0.5754932140568004
 -419.989690264456 21.82143510723914 17.88175465307734 8.733842114602144 14.51484241071799 -13.09915655903424 -11.82665637587974 2.398649260332679 -0.07030768037689553 -4.506637911178229 -0.2678274809157664 -1.668319666521638 -0.1736414638216253 -1.143013582220471
 -92.97157977876913 -56.30096170260695 11.88294331316109 3.619144773780327 1.874756950613061 11.19003043964338 7.975023436490528 3.075614473224647 -7.229519878171723 -3.158098341160036 -3.227704902491739 -3.09825296555216 0.511337184206712 1.148674940612303
 -146.2679135092286 -24.68065047283261 -10.13703091030464 -7.529515534713934 -2.92348637853793 4.520644073026559 1.705889761134466 1.159060208723621 -4.410679720082747 -4.213382323152387 -0.3508164646118539 -0.4057655297785278 -1.729582602153415 -0.03394292750147931
 -144.0519551968991 4.37632060521759 -19.7459658865211 -1.49673963518944 -22.26311314501395 5.793013365164642 -5.849178700073164 -4.791201290795948 -0.654972582349526 5.090913944246826 -3.12262255729347 3.098604682811701 0.3132202780173647 -1.091939762304004
 -212.7028459708404 -29.96492276472005 -9.436652535223535 6.172812533945252 -2.583602937489755 -3.528025057974485 8.437770462722899 2.982114073682167 -1.259952698622898 0.8840078040095736 -1.029202242026519 -1.287389615533855 2.061046925327736 0.3864672407698582
 -386.4948146564766 13.91724809957049 11.88137855253613 6.270741419267862 14.73741176906804 -12.05618181703174 -11.4670275387152 4.193138250906079 0.7210307154105177 -4.337256005053139 -0.05737579279252891 -1.165428755944211 -0.3929412338147979 -0.900707899082081
 -243.0367676234444 -16.2383557826233 -0.5059999816163184 8.119427777249877 2.425763867293689 0.4125330138517687 -4.37879975322274 -1.672360123584693 -0.450529221889355 3.420280056671264 0.9389341016011477 -0.02789109492189637 0.6710183047296663 1.312973692160134
 -354.9972499752873 11.47387425260904 13.89401261975881 10.17944361327069 15.31058384759005 -9.653737473746322 -9.392786236233507 2.346060680135268 4.222066049828554 -5.791033413102671 1.146246134800018 -2.778332539942381 -0.7846255441735145 0.201997390552387
 -46.5889602994711 -25.69100093249272 -39.5168547981623 -11.8901316713962 -2.157523861640793 16.72132125625581 -1.420418191807064 0.9588079414721036 -2.763650439314704 -7.614192248852332 -1.954961872569376 2.123089556863516 -1.853068328961702 0.580448334248744
 -56.77241627631847 -21.54073967188188 21.71733831046744 12.2042235955717 -18.12161996469444 11.18547638950911 1.072800703400264 1.845241720144546 0.7728718261190388 3.785253952239136 0.6741831313115512 -1.975775872532867 1.497958144573609 0.6877015360449238
 -157.3350210726895 -4.786244726401582 14.31063249886173 1.670047960800718 -21.41938746385549 3.661696984512804 13.94839484425448 -1.460014662484762 3.503536350981868 -5.16619578284017 -0.5532371077020914 -3.881135248906702 -0.6147467633992088 2.186914405177609
 -229.5192638068216 -11.4619568808014 21.54359367544966 4.331468166770726 23.78872436929151 -21.5460423066155 -9.731913327489401 2.56718423353248 5.03723676839215 5.941646548368055 -0.3876575228550072 -2.255296814990725 -1.02162317388343 0.0144624169458748
 -291.2812274094088 4.973318177138068 2.834548607756413 11.27252213085577 18.89166295498031 -9.083732021667954 -9.636506532035861 6.100354140057221 3.85341494067349 -0.06080239966963066 -2.596617777696327 -1.041417742838175 -0.4186824575783326 0.4670497081592044
 -391.9819363995607 23.66902638280061 13.21413212603921 3.066376752381678 -10.34600369984602 -0.5056789168817424 -0.7786121512957931 -0.6497134235500156 1.020168827707663 -1.192271009851059 -2.064869582974405 -0.9812970036204826 0.6392067795071925 -0.3064301472099432
 -126.9639392805415 11.04278353696661 -0.4316946358755221 13.65243683291903 8.159037169565021 4.92236553257415 -0.6184410371779274 -0.2412276973339613 3.482193693957459 -2.863952216154078 1.551909144015616 2.995978179877933 2.590492559851709 0.02494899988207619
 -202.8776388587311 -17.41772742603864 -1.247455956033108 5.288545723889355 11.34054933704857 0.732568302541344 2.088113981711675 2.704721953568648 -2.42424723577771 2.654698495379834 0.03442971571165065 2.832718802397965 0.1854580750166409 1.188466382657275
 -211.3325321098504 -10.25220275121993 6.181959296994528 -1.601974522258494 -11.73403119196105 3.795767587956179 11.57090547084916 -0.8968310719627901 -0.4370955948002546 -0.4572501207659165 1.254284410573803 1.937489008769278 -0.06184691052029906 -0.7601083422478201


